1 0 0 0 0 1 5 0 0 0 0 0 
1 1 1 1 1 2 3 0 1 1 1 1 
1 2 3 3 2 3 2 0 3 3 3 3 
1 3 7 19 5 2 2 0 11 11 6 6 
1 4 11 7 3 3 1 0 6 6 8 8 
1 5 12 20 6 2 1 0 13 13 11 11 
1 6 13 21 7 3 1 0 15 15 13 13 
1 7 15 23 8 4 1 0 18 18 16 16 
1 8 30 54 12 2 1 0 32 32 20 20 
1 9 31 55 13 3 1 0 34 34 22 22 
1 10 63 183 20 2 1 0 55 55 25 25 
1 11 75 15 4 2 4 11 9 9 27 27 
1 12 76 28 9 3 2 0 22 22 29 29 
1 13 77 29 10 4 2 10 25 25 32 32 
1 14 79 31 11 3 2 14 29 29 36 36 
1 15 86 58 14 3 2 9 37 37 39 39 
1 16 87 59 15 3 2 12 40 40 42 42 
1 17 94 62 16 4 1 16 43 43 45 45 
1 18 95 63 17 4 1 17 47 47 49 49 
1 19 116 184 21 2 2 0 57 57 53 53 
1 20 117 185 22 4 1 13 59 59 55 55 
1 21 119 187 23 4 1 19 63 63 59 59 
1 22 127 191 24 3 1 23 67 67 63 63 
1 23 222 126 18 2 3 20 51 51 66 66 
1 24 223 127 19 2 3 22 53 53 68 68 
1 25 235 207 25 2 4 18 70 70 70 70 
1 26 236 220 26 1 5 15 72 72 72 72 
1 27 237 221 27 3 1 21 73 73 73 73 
1 28 239 223 28 3 2 24 76 76 76 76 
1 29 254 254 29 3 1 25 79 79 79 79 
1 30 255 255 30 3 1 26 82 82 82 82 
1 31 507 495 31 2 4 27 85 85 85 85 
1 32 511 511 32 2 2 28 87 87 87 87 
1 33 1023 1023 33 1 5 29 89 89 89 89 
