0 0 0 0 0 1 6 0 0 0 0 0 
0 1 1 1 1 2 4 0 0 1 0 1 
0 2 3 3 2 3 3 0 0 3 0 3 
0 3 7 35 6 2 3 0 0 14 0 6 
0 4 11 7 3 3 2 0 0 6 0 8 
0 5 12 36 7 2 2 0 0 16 0 11 
0 6 13 37 8 3 2 0 0 18 0 13 
0 7 15 39 9 4 2 0 0 21 0 16 
0 8 30 102 16 2 2 0 0 48 0 20 
0 9 31 103 17 3 2 0 0 50 0 22 
0 10 63 615 36 2 2 0 0 117 0 25 
0 11 75 15 4 3 1 0 0 9 0 27 
0 12 76 44 10 4 1 0 0 25 0 30 
0 13 77 45 11 5 1 0 0 29 0 34 
0 14 79 47 12 4 1 0 0 34 0 39 
0 15 86 106 18 4 1 0 0 53 0 43 
0 16 87 107 19 4 1 0 0 57 0 47 
0 17 94 110 20 5 1 0 0 61 0 51 
0 18 95 111 21 5 1 0 0 66 0 56 
0 19 116 616 37 3 1 0 0 119 0 61 
0 20 117 617 38 5 1 0 0 122 0 64 
0 21 119 619 39 5 1 0 0 127 0 69 
0 22 127 623 40 4 1 0 0 132 0 74 
0 23 222 238 28 3 1 0 0 93 0 78 
0 24 223 239 29 3 1 0 0 96 0 81 
0 25 235 655 45 3 1 0 0 150 0 84 
0 26 236 684 52 2 1 0 0 173 0 87 
0 27 237 685 53 4 1 0 0 175 0 89 
0 28 239 687 54 4 1 0 0 179 0 93 
0 29 254 750 63 4 1 0 0 217 0 97 
0 30 255 751 64 4 1 0 0 221 0 101 
0 31 507 1743 87 3 1 0 0 316 0 105 
0 32 511 1775 91 3 1 0 0 331 0 108 
0 33 1023 5871 118 2 1 0 0 433 0 111 
0 34 1099 31 5 2 5 0 0 12 0 113 
0 35 1100 60 13 3 3 0 0 38 0 115 
0 36 1101 61 14 4 3 0 0 41 0 118 
0 37 1103 63 15 3 3 0 0 45 0 122 
0 38 1108 120 22 2 4 0 0 71 0 125 
0 39 1109 121 23 2 4 0 0 73 0 127 
0 40 1110 122 24 5 2 0 0 75 0 129 
0 41 1111 123 25 5 2 0 0 80 0 134 
0 42 1118 126 26 4 2 0 0 85 0 139 
0 43 1119 127 27 4 2 0 0 89 0 143 
0 44 1140 632 41 3 2 0 0 136 0 147 
0 45 1141 633 42 4 2 0 0 139 0 150 
0 46 1143 635 43 4 2 0 0 143 0 154 
0 47 1151 639 44 3 2 0 0 147 0 158 
0 48 1182 246 30 3 2 0 0 99 0 161 
0 49 1183 247 31 3 2 0 0 102 0 164 
0 50 1184 656 46 1 6 0 0 153 0 167 
0 51 1185 657 47 3 2 0 0 154 0 168 
0 52 1187 659 48 4 1 0 0 157 0 171 
0 53 1191 691 55 2 3 0 0 183 0 175 
0 54 1194 662 49 4 1 0 0 161 0 177 
0 55 1195 663 50 5 1 0 0 165 0 181 
0 56 1196 692 56 3 2 0 0 185 0 186 
0 57 1197 693 57 3 2 0 0 188 0 189 
0 58 1198 694 58 6 1 0 0 191 0 192 
0 59 1199 695 59 6 1 0 0 197 0 198 
0 60 1214 758 65 3 2 0 0 225 0 204 
0 61 1215 759 66 3 2 0 0 228 0 207 
0 62 1246 254 32 4 1 0 0 105 0 210 
0 63 1247 255 33 4 1 0 0 109 0 214 
0 64 1259 671 51 3 1 0 0 170 0 218 
0 65 1260 700 60 4 1 0 0 203 0 221 
0 66 1261 701 61 6 1 0 0 207 0 225 
0 67 1263 703 62 4 1 0 0 213 0 231 
0 68 1268 760 67 5 1 0 0 231 0 235 
0 69 1269 761 68 5 1 0 0 236 0 240 
0 70 1270 762 69 6 1 0 0 241 0 245 
0 71 1271 763 70 6 1 0 0 247 0 251 
0 72 1278 766 71 5 1 0 0 253 0 257 
0 73 1279 767 72 5 1 0 0 258 0 262 
1 74 1456 920 73 2 2 52 4 263 0 267 
1 75 1457 922 75 5 1 54 9 268 2 269 
1 76 1459 954 79 4 1 58 27 286 7 274 
1 77 1460 921 74 3 2 53 6 265 11 278 
1 78 1461 923 76 5 1 55 14 273 14 281 
1 79 1463 955 80 4 1 59 31 290 19 286 
0 80 1465 1749 88 4 1 0 0 319 0 290 
0 81 1467 1751 89 5 1 0 0 323 0 294 
0 82 1468 1780 92 5 1 0 0 334 0 299 
0 83 1469 1781 93 6 1 0 0 339 0 304 
0 84 1471 1783 94 5 1 0 0 345 0 310 
0 85 1531 1759 90 3 1 0 0 328 0 315 
0 86 1532 1788 95 4 1 0 0 350 0 318 
0 87 1533 1789 96 5 1 0 0 354 0 322 
0 88 1535 1791 97 4 1 0 0 359 0 327 
0 89 1972 5872 119 2 2 0 0 435 0 331 
0 90 1973 5873 120 4 1 0 0 437 0 333 
0 91 1975 5875 121 4 1 0 0 441 0 337 
0 92 1983 5879 122 4 1 0 0 445 0 341 
0 93 2047 5887 123 3 1 0 0 449 0 345 
1 94 3294 510 34 2 4 50 0 113 23 348 
1 95 3295 511 35 2 4 51 2 115 25 350 
1 96 3306 926 77 4 2 56 19 278 27 352 
1 97 3307 927 78 4 2 57 23 282 31 356 
1 98 3308 956 81 3 2 60 35 294 35 360 
1 99 3309 957 82 3 2 61 38 297 38 363 
1 100 3310 958 83 5 2 62 41 300 41 366 
1 101 3311 959 84 5 2 63 46 305 46 371 
1 102 3326 1022 85 3 2 64 51 310 51 376 
1 103 3327 1023 86 3 2 65 54 313 54 379 
1 104 3440 1880 98 1 6 66 57 363 57 382 
1 105 3441 1881 99 4 1 67 58 364 58 383 
1 106 3443 1883 100 4 2 68 62 368 62 387 
1 107 3447 1915 104 2 3 72 78 384 66 391 
1 108 3448 1884 101 2 4 69 66 372 68 393 
1 109 3449 1885 102 6 1 70 68 374 70 395 
1 110 3451 1887 103 4 2 71 74 380 76 401 
1 111 3452 1916 105 4 2 73 80 386 80 405 
1 112 3453 1917 106 6 1 74 84 390 84 409 
1 113 3455 1919 107 4 2 75 90 396 90 415 
1 114 3576 2012 108 2 2 76 94 400 94 419 
1 115 3577 2013 109 4 1 77 96 402 96 421 
1 116 3578 2014 110 5 1 78 100 406 100 425 
1 117 3579 2015 111 5 1 79 105 411 105 430 
1 118 3582 2046 112 4 1 80 110 416 110 435 
1 119 3583 2047 113 4 1 81 114 420 114 439 
1 120 3873 5905 124 1 6 86 127 452 118 443 
1 121 3875 5907 125 2 4 87 128 453 119 444 
1 122 3879 5911 126 4 1 88 130 455 121 446 
1 123 3885 5941 128 2 2 90 137 462 125 450 
1 124 3887 5943 129 3 2 91 139 464 127 452 
1 125 3903 6007 134 2 2 96 158 483 130 455 
1 126 3947 5919 127 3 2 89 134 459 132 457 
1 127 3948 5948 130 3 2 92 142 467 135 460 
1 128 3949 5949 131 5 1 93 145 470 138 463 
1 129 3950 5950 132 3 2 94 150 475 143 468 
1 130 3951 5951 133 5 1 95 153 478 146 471 
1 131 3958 6010 135 4 1 97 160 485 151 476 
1 132 3959 6011 136 4 1 98 164 489 155 480 
1 133 3966 6014 137 5 1 99 168 493 159 484 
1 134 3967 6015 138 5 1 100 173 498 164 489 
1 135 4094 6142 139 3 1 101 178 503 169 494 
1 136 4095 6143 140 3 1 102 181 506 172 497 
1 137 7672 4060 114 1 6 82 118 424 175 500 
1 138 7673 4061 115 3 3 83 119 425 176 501 
1 139 7675 4063 116 3 3 84 122 428 179 504 
1 140 7679 4095 117 2 3 85 125 431 182 507 
1 141 7902 6654 141 2 4 103 184 509 184 509 
1 142 7903 6655 142 2 4 104 186 511 186 511 
1 143 7915 7071 143 2 5 105 188 513 188 513 
1 144 7916 7100 144 1 6 106 190 515 190 515 
1 145 7917 7101 145 3 2 107 191 516 191 516 
1 146 7919 7103 146 4 1 108 194 519 194 519 
1 147 7934 7166 147 3 2 109 198 523 198 523 
1 148 7935 7167 148 3 2 110 201 526 201 526 
1 149 8185 8157 149 2 2 111 204 529 204 529 
1 150 8187 8159 150 4 1 112 206 531 206 531 
1 151 8191 8191 151 3 1 113 210 535 210 535 
1 152 16350 15870 152 1 6 114 213 538 213 538 
1 153 16351 15871 153 2 4 115 214 539 214 539 
1 154 16383 16383 154 2 2 116 216 541 216 541 
1 155 32767 32767 155 1 6 117 218 543 218 543 
